1.055956220259103573e-01 -6.223193288129034301e-02 0.000000000000000000e+00
3.569285784368094600e-02 1.845821463120024264e-01 1.000000000000000000e+00
-1.775301170452484867e-01 8.849296651120819313e-02 1.000000000000000000e+00
2.500311124637250026e-01 3.352033300667256466e-02 0.000000000000000000e+00
-1.033612324371209062e-01 1.319320635886686854e-01 1.000000000000000000e+00
1.673923901407500525e-01 -1.893115910724374462e-02 0.000000000000000000e+00
2.083744341242685649e-01 -2.003857480220526677e-01 0.000000000000000000e+00
-6.721099622559530140e-02 9.995073606393474475e-02 1.000000000000000000e+00
1.419784542546618789e-01 -1.310027849171201408e-01 0.000000000000000000e+00
7.771202156103557135e-02 -9.680727959368778945e-02 0.000000000000000000e+00
-3.386660295502660206e-02 1.700092042667543657e-01 1.000000000000000000e+00
-1.629119904896160209e-01 1.358569357700463998e-01 1.000000000000000000e+00
5.688815936761737468e-02 -1.458869450174928861e-01 0.000000000000000000e+00
-1.031660953257769742e-01 1.428418183191069446e-01 1.000000000000000000e+00
9.968350750210791533e-02 -1.645605534951998516e-01 0.000000000000000000e+00
1.731006864375401189e-01 -2.805120099185026694e-02 0.000000000000000000e+00
1.029777484446784408e-01 -2.031363261778057760e-01 0.000000000000000000e+00
4.249436882938846527e-02 1.741551825433766965e-01 1.000000000000000000e+00
1.974670761606660552e-01 -1.202031127875376020e-02 0.000000000000000000e+00
-1.433976813831658592e-01 6.989640811023370426e-02 1.000000000000000000e+00
-1.289392261870608847e-01 1.385425838928361075e-01 1.000000000000000000e+00
9.056463982202443697e-02 -9.722578840061049665e-02 0.000000000000000000e+00
3.342991216430808710e-02 -1.356611260471264624e-01 0.000000000000000000e+00
-1.654946754094286099e-01 1.375503005935362344e-01 1.000000000000000000e+00
1.075436129172496758e-01 -6.121627098404136547e-03 0.000000000000000000e+00
-1.260854421803072889e-01 1.216690580734469951e-01 1.000000000000000000e+00
-2.147399782649461655e-03 1.347242719009385803e-01 1.000000000000000000e+00
-7.513645774819727174e-02 9.003841732239196982e-02 1.000000000000000000e+00
1.445404229358407122e-01 -5.325075049035787877e-03 0.000000000000000000e+00
1.405776045647848804e-01 -7.913952186539983946e-02 0.000000000000000000e+00
-1.011158297418976587e-01 8.264252975155263192e-02 1.000000000000000000e+00
-1.281855935192261764e-01 4.928655131787055416e-02 1.000000000000000000e+00
5.126069060689711354e-02 -3.220450774812381178e-01 0.000000000000000000e+00
1.808114408847077970e-01 -1.145786525001290523e-01 0.000000000000000000e+00
-1.347305479727139987e-01 8.207035081487051853e-02 1.000000000000000000e+00
-7.488929830383393715e-02 5.360716850993028221e-02 1.000000000000000000e+00
5.374731572239135891e-02 4.919321235051676844e-03 0.000000000000000000e+00
1.021285465477221044e-01 -2.308582292940277725e-01 0.000000000000000000e+00
1.844957244039487354e-01 -3.795172771744818180e-02 0.000000000000000000e+00
-3.393382220954062334e-02 1.400323609995819119e-01 1.000000000000000000e+00
-1.683018697495892724e-01 1.034310694295666883e-01 1.000000000000000000e+00
-1.182943605906500439e-01 3.512033793472361248e-02 1.000000000000000000e+00
-1.120108660707119647e-01 7.838608803232163802e-02 1.000000000000000000e+00
1.414339395269606225e-01 2.274292844520045195e-02 0.000000000000000000e+00
1.324898349452144353e-01 -1.208096420958928441e-01 0.000000000000000000e+00
2.404778635276345888e-02 1.742901974439639012e-01 1.000000000000000000e+00
8.466053213681535433e-03 -1.065199404967297064e-01 0.000000000000000000e+00
-1.878257775862923473e-01 1.759686199470494872e-01 1.000000000000000000e+00
-1.024782659897244125e-01 1.283169868459452800e-01 1.000000000000000000e+00
-1.459856045023941451e-01 6.848931357092909178e-02 1.000000000000000000e+00
2.022217477482643189e-01 1.734173702521300126e-02 0.000000000000000000e+00
6.509008208236442827e-02 1.991892936310668549e-01 1.000000000000000000e+00
-1.653427089374087666e-01 1.182953110849319922e-01 1.000000000000000000e+00
4.733568239994095234e-02 -2.836703160733507201e-02 0.000000000000000000e+00
-6.016940971982673997e-02 6.267861184946657560e-02 1.000000000000000000e+00
6.137532997728219197e-02 -7.632074070096533935e-02 0.000000000000000000e+00
1.344058286493101939e-01 -1.186958726063491176e-01 0.000000000000000000e+00
-2.269437199632211299e-01 2.963348940261708794e-02 1.000000000000000000e+00
-1.841249438780748898e-02 1.831818963911515386e-01 1.000000000000000000e+00
1.496332575729991676e-01 -2.125960055640435664e-01 0.000000000000000000e+00
1.310174741307638946e-01 -3.381682969363779961e-02 0.000000000000000000e+00
4.040526117650981158e-02 -3.976568990357742112e-02 0.000000000000000000e+00
1.205190061752367953e-01 -9.941977085175399131e-02 0.000000000000000000e+00
9.030424613252904797e-02 -1.223186158258601497e-01 0.000000000000000000e+00
7.643368769644603988e-02 1.450647707001093412e-01 1.000000000000000000e+00
1.676609635059657100e-01 -3.818022679434285305e-02 0.000000000000000000e+00
-1.724317520198474230e-01 4.584545155160230090e-02 1.000000000000000000e+00
-1.669043028632208603e-01 1.279127292240926916e-01 1.000000000000000000e+00
1.399123565946520931e-01 -1.237145928587723154e-01 0.000000000000000000e+00
4.897602790903657355e-02 -1.255181118612342106e-01 0.000000000000000000e+00
-7.282282877956607059e-02 1.326020584090755461e-01 1.000000000000000000e+00
-2.125942534159752373e-01 3.001351069692721751e-02 1.000000000000000000e+00
-1.659632686645999555e-01 5.118565843756398004e-02 1.000000000000000000e+00
2.558007027493374719e-01 3.751618749646621481e-02 0.000000000000000000e+00
4.285263321630050810e-03 -1.984889488458133622e-01 0.000000000000000000e+00
1.075543397238196697e-01 -1.857640365892742340e-01 0.000000000000000000e+00
1.331539020254666333e-02 -1.292057663848953930e-01 0.000000000000000000e+00
-1.170667493339808268e-01 5.353568701088147475e-02 1.000000000000000000e+00
1.658782533965560621e-02 -2.190584975053111363e-03 0.000000000000000000e+00
-2.616869770825126507e-01 2.979064246098480848e-02 1.000000000000000000e+00
-2.253014798204589497e-01 5.413422305163023002e-02 1.000000000000000000e+00
9.504618473711720639e-02 -3.041027676979344424e-02 0.000000000000000000e+00
-5.422690797914864191e-02 8.921119263565738255e-02 1.000000000000000000e+00
6.023638050604199906e-02 -7.714816975367061458e-02 0.000000000000000000e+00
-2.062397736870789089e-01 8.641693480884359013e-02 1.000000000000000000e+00
1.009932191867193851e-01 -1.137806594782160841e-01 0.000000000000000000e+00
-1.672474837989676166e-01 4.166908240875488029e-02 1.000000000000000000e+00
9.209607567378681747e-02 1.139840123003654825e-03 0.000000000000000000e+00
-7.656637765076197699e-02 1.085196997073112624e-01 1.000000000000000000e+00
-1.490680386924721212e-01 1.285314788795937635e-01 1.000000000000000000e+00
6.611364130613071877e-02 1.315436197206743818e-01 1.000000000000000000e+00
-6.875253690054754230e-02 8.121758679724573604e-02 1.000000000000000000e+00
1.139232700854249103e-01 -6.180539174311525802e-02 0.000000000000000000e+00
1.116355823593738195e-01 -1.791269637396081804e-01 0.000000000000000000e+00
-2.265665359089680253e-02 1.121409446131236276e-01 1.000000000000000000e+00
9.923838656095446131e-02 -6.481379781803429940e-02 0.000000000000000000e+00
5.079576071226954426e-02 -3.058441043134829673e-01 0.000000000000000000e+00
2.153821003289952962e-01 -9.463594254682279605e-02 0.000000000000000000e+00
-1.553209936269504543e-01 1.123841996382477365e-01 1.000000000000000000e+00
-8.373734421963749397e-02 1.018297314742648008e-01 1.000000000000000000e+00
