1.049999999999999822e+00 6.000000000000000888e-01 8.500000000000000888e-01 1.999999999999999556e-01 -1.000000000000000000e+00
7.500000000000000000e-01 6.000000000000000888e-01 7.500000000000000000e-01 2.500000000000000000e-01 -1.000000000000000000e+00
1.000000000000000000e+00 5.500000000000000444e-01 9.500000000000001776e-01 2.500000000000000000e-01 -1.000000000000000000e+00
2.999999999999998224e-01 1.499999999999999112e-01 5.000000000000000000e-01 1.500000000000000222e-01 -1.000000000000000000e+00
7.999999999999998224e-01 3.999999999999999112e-01 7.999999999999998224e-01 2.500000000000000000e-01 -1.000000000000000000e+00
3.999999999999999112e-01 3.999999999999999112e-01 7.500000000000000000e-01 1.500000000000000222e-01 -1.000000000000000000e+00
6.999999999999997335e-01 6.499999999999999112e-01 8.500000000000000888e-01 3.000000000000000444e-01 -1.000000000000000000e+00
0.000000000000000000e+00 1.999999999999999556e-01 1.499999999999999112e-01 0.000000000000000000e+00 -1.000000000000000000e+00
8.499999999999996447e-01 4.499999999999999556e-01 7.999999999999998224e-01 1.500000000000000222e-01 -1.000000000000000000e+00
1.499999999999999112e-01 3.500000000000000888e-01 4.499999999999999556e-01 1.999999999999999556e-01 -1.000000000000000000e+00
4.999999999999982236e-02 0.000000000000000000e+00 2.500000000000000000e-01 0.000000000000000000e+00 -1.000000000000000000e+00
5.000000000000000000e-01 5.000000000000000000e-01 6.000000000000000888e-01 2.500000000000000000e-01 -1.000000000000000000e+00
5.499999999999998224e-01 1.000000000000000888e-01 5.000000000000000000e-01 0.000000000000000000e+00 -1.000000000000000000e+00
5.999999999999996447e-01 4.499999999999999556e-01 8.500000000000000888e-01 1.999999999999999556e-01 -1.000000000000000000e+00
3.499999999999996447e-01 4.499999999999999556e-01 3.000000000000000444e-01 1.500000000000000222e-01 -1.000000000000000000e+00
8.999999999999999112e-01 5.500000000000000444e-01 7.000000000000001776e-01 1.999999999999999556e-01 -1.000000000000000000e+00
3.499999999999996447e-01 5.000000000000000000e-01 7.500000000000000000e-01 2.500000000000000000e-01 -1.000000000000000000e+00
4.499999999999997335e-01 3.500000000000000888e-01 5.499999999999998224e-01 0.000000000000000000e+00 -1.000000000000000000e+00
6.499999999999999112e-01 1.000000000000000888e-01 7.500000000000000000e-01 2.500000000000000000e-01 -1.000000000000000000e+00
3.499999999999996447e-01 2.500000000000000000e-01 4.499999999999999556e-01 5.000000000000004441e-02 -1.000000000000000000e+00
5.000000000000000000e-01 6.000000000000000888e-01 8.999999999999999112e-01 4.000000000000000222e-01 -1.000000000000000000e+00
5.999999999999996447e-01 3.999999999999999112e-01 5.000000000000000000e-01 1.500000000000000222e-01 -1.000000000000000000e+00
6.999999999999997335e-01 2.500000000000000000e-01 9.500000000000001776e-01 2.500000000000000000e-01 -1.000000000000000000e+00
5.999999999999996447e-01 3.999999999999999112e-01 8.500000000000000888e-01 9.999999999999997780e-02 -1.000000000000000000e+00
7.500000000000000000e-01 4.499999999999999556e-01 6.499999999999999112e-01 1.500000000000000222e-01 -1.000000000000000000e+00
8.499999999999996447e-01 5.000000000000000000e-01 7.000000000000001776e-01 1.999999999999999556e-01 -1.000000000000000000e+00
9.499999999999997335e-01 3.999999999999999112e-01 8.999999999999999112e-01 1.999999999999999556e-01 -1.000000000000000000e+00
8.999999999999999112e-01 5.000000000000000000e-01 1.000000000000000000e+00 3.499999999999999778e-01 -1.000000000000000000e+00
5.499999999999998224e-01 4.499999999999999556e-01 7.500000000000000000e-01 2.500000000000000000e-01 -1.000000000000000000e+00
3.999999999999999112e-01 3.000000000000000444e-01 2.500000000000000000e-01 0.000000000000000000e+00 -1.000000000000000000e+00
2.999999999999998224e-01 1.999999999999999556e-01 3.999999999999999112e-01 5.000000000000004441e-02 -1.000000000000000000e+00
2.999999999999998224e-01 1.999999999999999556e-01 3.500000000000000888e-01 0.000000000000000000e+00 -1.000000000000000000e+00
4.499999999999997335e-01 3.500000000000000888e-01 4.499999999999999556e-01 9.999999999999997780e-02 -1.000000000000000000e+00
5.499999999999998224e-01 3.500000000000000888e-01 1.049999999999999822e+00 3.000000000000000444e-01 -1.000000000000000000e+00
2.500000000000000000e-01 5.000000000000000000e-01 7.500000000000000000e-01 2.500000000000000000e-01 -1.000000000000000000e+00
5.499999999999998224e-01 6.999999999999999556e-01 7.500000000000000000e-01 3.000000000000000444e-01 -1.000000000000000000e+00
8.999999999999999112e-01 5.500000000000000444e-01 8.500000000000000888e-01 2.500000000000000000e-01 -1.000000000000000000e+00
6.999999999999997335e-01 1.499999999999999112e-01 7.000000000000001776e-01 1.500000000000000222e-01 -1.000000000000000000e+00
3.499999999999996447e-01 5.000000000000000000e-01 5.499999999999998224e-01 1.500000000000000222e-01 -1.000000000000000000e+00
2.999999999999998224e-01 2.500000000000000000e-01 5.000000000000000000e-01 1.500000000000000222e-01 -1.000000000000000000e+00
2.999999999999998224e-01 3.000000000000000444e-01 7.000000000000001776e-01 9.999999999999997780e-02 -1.000000000000000000e+00
5.999999999999996447e-01 5.000000000000000000e-01 7.999999999999998224e-01 1.999999999999999556e-01 -1.000000000000000000e+00
4.499999999999997335e-01 3.000000000000000444e-01 5.000000000000000000e-01 9.999999999999997780e-02 -1.000000000000000000e+00
4.999999999999982236e-02 1.499999999999999112e-01 1.499999999999999112e-01 0.000000000000000000e+00 -1.000000000000000000e+00
3.499999999999996447e-01 3.500000000000000888e-01 6.000000000000000888e-01 1.500000000000000222e-01 -1.000000000000000000e+00
3.999999999999999112e-01 5.000000000000000000e-01 6.000000000000000888e-01 9.999999999999997780e-02 -1.000000000000000000e+00
3.999999999999999112e-01 4.499999999999999556e-01 6.000000000000000888e-01 1.500000000000000222e-01 -1.000000000000000000e+00
6.499999999999999112e-01 4.499999999999999556e-01 6.499999999999999112e-01 1.500000000000000222e-01 -1.000000000000000000e+00
9.999999999999964473e-02 2.500000000000000000e-01 0.000000000000000000e+00 5.000000000000004441e-02 -1.000000000000000000e+00
3.999999999999999112e-01 3.999999999999999112e-01 5.499999999999998224e-01 1.500000000000000222e-01 -1.000000000000000000e+00
6.999999999999997335e-01 6.499999999999999112e-01 1.500000000000000000e+00 7.500000000000000000e-01 1.000000000000000000e+00
4.499999999999997335e-01 3.500000000000000888e-01 1.049999999999999822e+00 4.499999999999999556e-01 1.000000000000000000e+00
1.099999999999999645e+00 5.000000000000000000e-01 1.450000000000000178e+00 5.500000000000000444e-01 1.000000000000000000e+00
6.999999999999997335e-01 4.499999999999999556e-01 1.299999999999999822e+00 4.000000000000000222e-01 1.000000000000000000e+00
7.999999999999998224e-01 5.000000000000000000e-01 1.399999999999999911e+00 6.000000000000000888e-01 1.000000000000000000e+00
1.349999999999999645e+00 5.000000000000000000e-01 1.799999999999999822e+00 5.500000000000000444e-01 1.000000000000000000e+00
0.000000000000000000e+00 2.500000000000000000e-01 7.500000000000000000e-01 3.499999999999999778e-01 1.000000000000000000e+00
1.199999999999999734e+00 4.499999999999999556e-01 1.649999999999999911e+00 4.000000000000000222e-01 1.000000000000000000e+00
8.999999999999999112e-01 2.500000000000000000e-01 1.399999999999999911e+00 4.000000000000000222e-01 1.000000000000000000e+00
1.149999999999999911e+00 8.000000000000000444e-01 1.549999999999999822e+00 7.500000000000000000e-01 1.000000000000000000e+00
7.999999999999998224e-01 6.000000000000000888e-01 1.049999999999999822e+00 5.000000000000000000e-01 1.000000000000000000e+00
7.500000000000000000e-01 3.500000000000000888e-01 1.149999999999999911e+00 4.499999999999999556e-01 1.000000000000000000e+00
9.499999999999997335e-01 5.000000000000000000e-01 1.250000000000000000e+00 5.500000000000000444e-01 1.000000000000000000e+00
3.999999999999999112e-01 2.500000000000000000e-01 1.000000000000000000e+00 5.000000000000000000e-01 1.000000000000000000e+00
4.499999999999997335e-01 3.999999999999999112e-01 1.049999999999999822e+00 6.999999999999999556e-01 1.000000000000000000e+00
7.500000000000000000e-01 6.000000000000000888e-01 1.149999999999999911e+00 6.499999999999999112e-01 1.000000000000000000e+00
7.999999999999998224e-01 5.000000000000000000e-01 1.250000000000000000e+00 4.000000000000000222e-01 1.000000000000000000e+00
1.399999999999999911e+00 8.999999999999999112e-01 1.850000000000000089e+00 6.000000000000000888e-01 1.000000000000000000e+00
1.399999999999999911e+00 3.000000000000000444e-01 1.950000000000000178e+00 6.499999999999999112e-01 1.000000000000000000e+00
5.499999999999998224e-01 1.000000000000000888e-01 1.000000000000000000e+00 2.500000000000000000e-01 1.000000000000000000e+00
1.000000000000000000e+00 6.000000000000000888e-01 1.350000000000000089e+00 6.499999999999999112e-01 1.000000000000000000e+00
3.499999999999996447e-01 3.999999999999999112e-01 9.500000000000001776e-01 5.000000000000000000e-01 1.000000000000000000e+00
1.399999999999999911e+00 3.999999999999999112e-01 1.850000000000000089e+00 5.000000000000000000e-01 1.000000000000000000e+00
6.999999999999997335e-01 3.500000000000000888e-01 9.500000000000001776e-01 4.000000000000000222e-01 1.000000000000000000e+00
8.999999999999999112e-01 6.499999999999999112e-01 1.350000000000000089e+00 5.500000000000000444e-01 1.000000000000000000e+00
1.149999999999999911e+00 6.000000000000000888e-01 1.500000000000000000e+00 4.000000000000000222e-01 1.000000000000000000e+00
6.499999999999999112e-01 3.999999999999999112e-01 8.999999999999999112e-01 4.000000000000000222e-01 1.000000000000000000e+00
5.999999999999996447e-01 5.000000000000000000e-01 9.500000000000001776e-01 4.000000000000000222e-01 1.000000000000000000e+00
7.500000000000000000e-01 3.999999999999999112e-01 1.299999999999999822e+00 5.500000000000000444e-01 1.000000000000000000e+00
1.149999999999999911e+00 5.000000000000000000e-01 1.399999999999999911e+00 3.000000000000000444e-01 1.000000000000000000e+00
1.250000000000000000e+00 3.999999999999999112e-01 1.549999999999999822e+00 4.499999999999999556e-01 1.000000000000000000e+00
1.500000000000000000e+00 8.999999999999999112e-01 1.700000000000000178e+00 5.000000000000000000e-01 1.000000000000000000e+00
7.500000000000000000e-01 3.999999999999999112e-01 1.299999999999999822e+00 6.000000000000000888e-01 1.000000000000000000e+00
6.999999999999997335e-01 3.999999999999999112e-01 1.049999999999999822e+00 2.500000000000000000e-01 1.000000000000000000e+00
5.999999999999996447e-01 3.000000000000000444e-01 1.299999999999999822e+00 1.999999999999999556e-01 1.000000000000000000e+00
1.399999999999999911e+00 5.000000000000000000e-01 1.549999999999999822e+00 6.499999999999999112e-01 1.000000000000000000e+00
6.999999999999997335e-01 6.999999999999999556e-01 1.299999999999999822e+00 6.999999999999999556e-01 1.000000000000000000e+00
7.500000000000000000e-01 5.500000000000000444e-01 1.250000000000000000e+00 4.000000000000000222e-01 1.000000000000000000e+00
5.499999999999998224e-01 5.000000000000000000e-01 8.999999999999999112e-01 4.000000000000000222e-01 1.000000000000000000e+00
1.000000000000000000e+00 5.500000000000000444e-01 1.200000000000000178e+00 5.500000000000000444e-01 1.000000000000000000e+00
8.999999999999999112e-01 5.500000000000000444e-01 1.299999999999999822e+00 6.999999999999999556e-01 1.000000000000000000e+00
1.000000000000000000e+00 5.500000000000000444e-01 1.049999999999999822e+00 6.499999999999999112e-01 1.000000000000000000e+00
4.499999999999997335e-01 3.500000000000000888e-01 1.049999999999999822e+00 4.499999999999999556e-01 1.000000000000000000e+00
9.499999999999997335e-01 6.000000000000000888e-01 1.450000000000000178e+00 6.499999999999999112e-01 1.000000000000000000e+00
8.999999999999999112e-01 6.499999999999999112e-01 1.350000000000000089e+00 7.500000000000000000e-01 1.000000000000000000e+00
8.999999999999999112e-01 5.000000000000000000e-01 1.100000000000000089e+00 6.499999999999999112e-01 1.000000000000000000e+00
6.999999999999997335e-01 2.500000000000000000e-01 1.000000000000000000e+00 4.499999999999999556e-01 1.000000000000000000e+00
7.999999999999998224e-01 5.000000000000000000e-01 1.100000000000000089e+00 5.000000000000000000e-01 1.000000000000000000e+00
6.499999999999999112e-01 6.999999999999999556e-01 1.200000000000000178e+00 6.499999999999999112e-01 1.000000000000000000e+00
5.000000000000000000e-01 5.000000000000000000e-01 1.049999999999999822e+00 4.000000000000000222e-01 1.000000000000000000e+00
