3.999999999999999112e-01 7.500000000000000000e-01 1.999999999999999556e-01 5.000000000000000278e-02 -1.000000000000000000e+00
3.000000000000002665e-01 5.000000000000000000e-01 1.999999999999999556e-01 5.000000000000000278e-02 -1.000000000000000000e+00
2.000000000000001776e-01 6.000000000000000888e-01 1.500000000000000222e-01 5.000000000000000278e-02 -1.000000000000000000e+00
1.499999999999999112e-01 5.500000000000000444e-01 2.500000000000000000e-01 5.000000000000000278e-02 -1.000000000000000000e+00
3.500000000000000888e-01 8.000000000000000444e-01 1.999999999999999556e-01 5.000000000000000278e-02 -1.000000000000000000e+00
5.500000000000002665e-01 9.499999999999999556e-01 3.499999999999999778e-01 1.500000000000000222e-01 -1.000000000000000000e+00
1.499999999999999112e-01 6.999999999999999556e-01 1.999999999999999556e-01 9.999999999999999167e-02 -1.000000000000000000e+00
3.500000000000000888e-01 6.999999999999999556e-01 2.500000000000000000e-01 5.000000000000000278e-02 -1.000000000000000000e+00
5.000000000000026645e-02 4.499999999999999556e-01 1.999999999999999556e-01 5.000000000000000278e-02 -1.000000000000000000e+00
3.000000000000002665e-01 5.500000000000000444e-01 2.500000000000000000e-01 0.000000000000000000e+00 -1.000000000000000000e+00
5.500000000000002665e-01 8.500000000000000888e-01 2.500000000000000000e-01 5.000000000000000278e-02 -1.000000000000000000e+00
2.500000000000000000e-01 6.999999999999999556e-01 3.000000000000000444e-01 5.000000000000000278e-02 -1.000000000000000000e+00
2.500000000000000000e-01 5.000000000000000000e-01 1.999999999999999556e-01 0.000000000000000000e+00 -1.000000000000000000e+00
0.000000000000000000e+00 5.000000000000000000e-01 5.000000000000004441e-02 0.000000000000000000e+00 -1.000000000000000000e+00
7.500000000000000000e-01 1.000000000000000000e+00 9.999999999999997780e-02 5.000000000000000278e-02 -1.000000000000000000e+00
7.000000000000001776e-01 1.200000000000000178e+00 2.500000000000000000e-01 1.500000000000000222e-01 -1.000000000000000000e+00
5.500000000000002665e-01 9.499999999999999556e-01 1.500000000000000222e-01 1.500000000000000222e-01 -1.000000000000000000e+00
3.999999999999999112e-01 7.500000000000000000e-01 1.999999999999999556e-01 9.999999999999999167e-02 -1.000000000000000000e+00
7.000000000000001776e-01 8.999999999999999112e-01 3.499999999999999778e-01 9.999999999999999167e-02 -1.000000000000000000e+00
3.999999999999999112e-01 8.999999999999999112e-01 2.500000000000000000e-01 9.999999999999999167e-02 -1.000000000000000000e+00
5.500000000000002665e-01 6.999999999999999556e-01 3.499999999999999778e-01 5.000000000000000278e-02 -1.000000000000000000e+00
3.999999999999999112e-01 8.500000000000000888e-01 2.500000000000000000e-01 1.500000000000000222e-01 -1.000000000000000000e+00
1.499999999999999112e-01 8.000000000000000444e-01 0.000000000000000000e+00 5.000000000000000278e-02 -1.000000000000000000e+00
3.999999999999999112e-01 6.499999999999999112e-01 3.499999999999999778e-01 2.000000000000000111e-01 -1.000000000000000000e+00
2.500000000000000000e-01 6.999999999999999556e-01 4.499999999999999556e-01 5.000000000000000278e-02 -1.000000000000000000e+00
3.500000000000000888e-01 5.000000000000000000e-01 3.000000000000000444e-01 5.000000000000000278e-02 -1.000000000000000000e+00
3.500000000000000888e-01 6.999999999999999556e-01 3.000000000000000444e-01 1.500000000000000222e-01 -1.000000000000000000e+00
4.500000000000001776e-01 7.500000000000000000e-01 2.500000000000000000e-01 5.000000000000000278e-02 -1.000000000000000000e+00
4.500000000000001776e-01 6.999999999999999556e-01 1.999999999999999556e-01 5.000000000000000278e-02 -1.000000000000000000e+00
2.000000000000001776e-01 6.000000000000000888e-01 3.000000000000000444e-01 5.000000000000000278e-02 -1.000000000000000000e+00
2.500000000000000000e-01 5.500000000000000444e-01 3.000000000000000444e-01 5.000000000000000278e-02 -1.000000000000000000e+00
5.500000000000002665e-01 6.999999999999999556e-01 2.500000000000000000e-01 1.500000000000000222e-01 -1.000000000000000000e+00
4.500000000000001776e-01 1.049999999999999822e+00 2.500000000000000000e-01 0.000000000000000000e+00 -1.000000000000000000e+00
6.000000000000000888e-01 1.100000000000000089e+00 1.999999999999999556e-01 5.000000000000000278e-02 -1.000000000000000000e+00
3.000000000000002665e-01 5.500000000000000444e-01 2.500000000000000000e-01 0.000000000000000000e+00 -1.000000000000000000e+00
3.500000000000000888e-01 6.000000000000000888e-01 9.999999999999997780e-02 5.000000000000000278e-02 -1.000000000000000000e+00
6.000000000000000888e-01 7.500000000000000000e-01 1.500000000000000222e-01 5.000000000000000278e-02 -1.000000000000000000e+00
3.000000000000002665e-01 5.500000000000000444e-01 2.500000000000000000e-01 0.000000000000000000e+00 -1.000000000000000000e+00
5.000000000000026645e-02 5.000000000000000000e-01 1.500000000000000222e-01 5.000000000000000278e-02 -1.000000000000000000e+00
3.999999999999999112e-01 6.999999999999999556e-01 2.500000000000000000e-01 5.000000000000000278e-02 -1.000000000000000000e+00
3.500000000000000888e-01 7.500000000000000000e-01 1.500000000000000222e-01 9.999999999999999167e-02 -1.000000000000000000e+00
1.000000000000000888e-01 1.499999999999999112e-01 1.500000000000000222e-01 9.999999999999999167e-02 -1.000000000000000000e+00
5.000000000000026645e-02 6.000000000000000888e-01 1.500000000000000222e-01 5.000000000000000278e-02 -1.000000000000000000e+00
3.500000000000000888e-01 7.500000000000000000e-01 3.000000000000000444e-01 2.500000000000000000e-01 -1.000000000000000000e+00
3.999999999999999112e-01 8.999999999999999112e-01 4.499999999999999556e-01 1.500000000000000222e-01 -1.000000000000000000e+00
2.500000000000000000e-01 5.000000000000000000e-01 1.999999999999999556e-01 9.999999999999999167e-02 -1.000000000000000000e+00
3.999999999999999112e-01 8.999999999999999112e-01 3.000000000000000444e-01 5.000000000000000278e-02 -1.000000000000000000e+00
1.499999999999999112e-01 6.000000000000000888e-01 1.999999999999999556e-01 5.000000000000000278e-02 -1.000000000000000000e+00
5.000000000000000000e-01 8.500000000000000888e-01 2.500000000000000000e-01 5.000000000000000278e-02 -1.000000000000000000e+00
3.500000000000000888e-01 6.499999999999999112e-01 1.999999999999999556e-01 5.000000000000000278e-02 -1.000000000000000000e+00
1.350000000000000089e+00 6.000000000000000888e-01 1.850000000000000089e+00 6.499999999999999112e-01 1.000000000000000000e+00
1.050000000000000266e+00 6.000000000000000888e-01 1.750000000000000000e+00 6.999999999999999556e-01 1.000000000000000000e+00
1.300000000000000266e+00 5.500000000000000444e-01 1.950000000000000178e+00 6.999999999999999556e-01 1.000000000000000000e+00
6.000000000000000888e-01 1.499999999999999112e-01 1.500000000000000000e+00 5.999999999999999778e-01 1.000000000000000000e+00
1.100000000000000089e+00 3.999999999999999112e-01 1.799999999999999822e+00 6.999999999999999556e-01 1.000000000000000000e+00
7.000000000000001776e-01 3.999999999999999112e-01 1.750000000000000000e+00 5.999999999999999778e-01 1.000000000000000000e+00
1.000000000000000000e+00 6.499999999999999112e-01 1.850000000000000089e+00 7.500000000000000000e-01 1.000000000000000000e+00
3.000000000000002665e-01 1.999999999999999556e-01 1.149999999999999911e+00 4.500000000000000111e-01 1.000000000000000000e+00
1.149999999999999911e+00 4.499999999999999556e-01 1.799999999999999822e+00 5.999999999999999778e-01 1.000000000000000000e+00
4.500000000000001776e-01 3.500000000000000888e-01 1.449999999999999956e+00 6.499999999999999112e-01 1.000000000000000000e+00
3.500000000000000888e-01 0.000000000000000000e+00 1.250000000000000000e+00 4.500000000000000111e-01 1.000000000000000000e+00
8.000000000000002665e-01 5.000000000000000000e-01 1.600000000000000089e+00 6.999999999999999556e-01 1.000000000000000000e+00
8.500000000000000888e-01 1.000000000000000888e-01 1.500000000000000000e+00 4.500000000000000111e-01 1.000000000000000000e+00
8.999999999999999112e-01 4.499999999999999556e-01 1.850000000000000089e+00 6.499999999999999112e-01 1.000000000000000000e+00
6.499999999999999112e-01 4.499999999999999556e-01 1.300000000000000044e+00 5.999999999999999778e-01 1.000000000000000000e+00
1.200000000000000178e+00 5.500000000000000444e-01 1.700000000000000178e+00 6.499999999999999112e-01 1.000000000000000000e+00
6.499999999999999112e-01 5.000000000000000000e-01 1.750000000000000000e+00 6.999999999999999556e-01 1.000000000000000000e+00
7.500000000000000000e-01 3.500000000000000888e-01 1.549999999999999822e+00 4.500000000000000111e-01 1.000000000000000000e+00
9.500000000000001776e-01 1.000000000000000888e-01 1.750000000000000000e+00 6.999999999999999556e-01 1.000000000000000000e+00
6.499999999999999112e-01 2.500000000000000000e-01 1.449999999999999956e+00 5.000000000000000000e-01 1.000000000000000000e+00
8.000000000000002665e-01 6.000000000000000888e-01 1.899999999999999911e+00 8.499999999999999778e-01 1.000000000000000000e+00
8.999999999999999112e-01 3.999999999999999112e-01 1.500000000000000000e+00 5.999999999999999778e-01 1.000000000000000000e+00
1.000000000000000000e+00 2.500000000000000000e-01 1.950000000000000178e+00 6.999999999999999556e-01 1.000000000000000000e+00
8.999999999999999112e-01 3.999999999999999112e-01 1.850000000000000089e+00 5.499999999999999334e-01 1.000000000000000000e+00
1.050000000000000266e+00 4.499999999999999556e-01 1.649999999999999911e+00 5.999999999999999778e-01 1.000000000000000000e+00
1.149999999999999911e+00 5.000000000000000000e-01 1.700000000000000178e+00 6.499999999999999112e-01 1.000000000000000000e+00
1.250000000000000000e+00 3.999999999999999112e-01 1.899999999999999911e+00 6.499999999999999112e-01 1.000000000000000000e+00
1.200000000000000178e+00 5.000000000000000000e-01 2.000000000000000000e+00 7.999999999999999334e-01 1.000000000000000000e+00
8.500000000000000888e-01 4.499999999999999556e-01 1.750000000000000000e+00 6.999999999999999556e-01 1.000000000000000000e+00
7.000000000000001776e-01 3.000000000000000444e-01 1.250000000000000000e+00 4.500000000000000111e-01 1.000000000000000000e+00
6.000000000000000888e-01 1.999999999999999556e-01 1.399999999999999911e+00 5.000000000000000000e-01 1.000000000000000000e+00
6.000000000000000888e-01 1.999999999999999556e-01 1.350000000000000089e+00 4.500000000000000111e-01 1.000000000000000000e+00
7.500000000000000000e-01 3.500000000000000888e-01 1.449999999999999956e+00 5.499999999999999334e-01 1.000000000000000000e+00
8.500000000000000888e-01 3.500000000000000888e-01 2.049999999999999822e+00 7.500000000000000000e-01 1.000000000000000000e+00
5.500000000000002665e-01 5.000000000000000000e-01 1.750000000000000000e+00 6.999999999999999556e-01 1.000000000000000000e+00
8.500000000000000888e-01 6.999999999999999556e-01 1.750000000000000000e+00 7.500000000000000000e-01 1.000000000000000000e+00
1.200000000000000178e+00 5.500000000000000444e-01 1.850000000000000089e+00 6.999999999999999556e-01 1.000000000000000000e+00
1.000000000000000000e+00 1.499999999999999112e-01 1.700000000000000178e+00 5.999999999999999778e-01 1.000000000000000000e+00
6.499999999999999112e-01 5.000000000000000000e-01 1.549999999999999822e+00 5.999999999999999778e-01 1.000000000000000000e+00
6.000000000000000888e-01 2.500000000000000000e-01 1.500000000000000000e+00 5.999999999999999778e-01 1.000000000000000000e+00
6.000000000000000888e-01 3.000000000000000444e-01 1.700000000000000178e+00 5.499999999999999334e-01 1.000000000000000000e+00
8.999999999999999112e-01 5.000000000000000000e-01 1.799999999999999822e+00 6.499999999999999112e-01 1.000000000000000000e+00
7.500000000000000000e-01 3.000000000000000444e-01 1.500000000000000000e+00 5.499999999999999334e-01 1.000000000000000000e+00
3.500000000000000888e-01 1.499999999999999112e-01 1.149999999999999911e+00 4.500000000000000111e-01 1.000000000000000000e+00
6.499999999999999112e-01 3.500000000000000888e-01 1.600000000000000089e+00 5.999999999999999778e-01 1.000000000000000000e+00
7.000000000000001776e-01 5.000000000000000000e-01 1.600000000000000089e+00 5.499999999999999334e-01 1.000000000000000000e+00
7.000000000000001776e-01 4.499999999999999556e-01 1.600000000000000089e+00 5.999999999999999778e-01 1.000000000000000000e+00
9.500000000000001776e-01 4.499999999999999556e-01 1.649999999999999911e+00 5.999999999999999778e-01 1.000000000000000000e+00
3.999999999999999112e-01 2.500000000000000000e-01 1.000000000000000000e+00 5.000000000000000000e-01 1.000000000000000000e+00
7.000000000000001776e-01 3.999999999999999112e-01 1.549999999999999822e+00 5.999999999999999778e-01 1.000000000000000000e+00
