4.011115133762360174e-01 1.590278148651119994e-01 1.000000000000000000e+00
4.575819075107570022e-01 8.041737079620360218e-01 0.000000000000000000e+00
1.164462491869930061e-01 6.675915718078609951e-01 0.000000000000000000e+00
8.919547200202939674e-01 3.821512162685389846e-01 1.000000000000000000e+00
1.179233044385910034e-01 7.903273701667790085e-01 0.000000000000000000e+00
5.290988087654110439e-01 7.314714789390559524e-01 0.000000000000000000e+00
4.132365882396700218e-01 2.924386262893680088e-01 1.000000000000000000e+00
6.546121835708620385e-01 4.103422462940219950e-01 0.000000000000000000e+00
2.642016112804410066e-01 8.212707042694089576e-01 0.000000000000000000e+00
7.385842204093929775e-01 6.370430439710600412e-02 1.000000000000000000e+00
2.935258150100710228e-01 6.180745959281920276e-01 1.000000000000000000e+00
6.140079498291020066e-01 7.589566055684999861e-03 1.000000000000000000e+00
9.176263213157650478e-01 3.831354379653930109e-01 1.000000000000000000e+00
4.300386309623719927e-01 8.505838513374329724e-01 0.000000000000000000e+00
7.500934004783630371e-01 7.029006630182299542e-02 1.000000000000000000e+00
2.342466115951540029e-01 1.000000953674319959e+00 0.000000000000000000e+00
5.834711194038390003e-01 1.550683826208109906e-01 1.000000000000000000e+00
3.159057796001429885e-01 8.957415819168089710e-01 0.000000000000000000e+00
7.488205432891850144e-01 1.052983924746510036e-01 1.000000000000000000e+00
5.084586143493650123e-01 1.546515673398969892e-01 1.000000000000000000e+00
4.218871891498570115e-01 7.531512379646300159e-01 0.000000000000000000e+00
6.343901157379150391e-01 5.697919800877600249e-02 1.000000000000000000e+00
9.245810508728029564e-01 4.046880304813390006e-01 1.000000000000000000e+00
5.998508334159849964e-01 4.454343914985660069e-01 0.000000000000000000e+00
9.468706846237180397e-01 5.198460817337039463e-01 1.000000000000000000e+00
3.411930203437810172e-01 9.422042965888980381e-01 0.000000000000000000e+00
4.133777022361759812e-01 1.669690310955050105e-01 1.000000000000000000e+00
4.740540385246280186e-01 7.283512353897100278e-01 0.000000000000000000e+00
5.971856713294979579e-01 4.181247353553769752e-01 0.000000000000000000e+00
4.162031114101409912e-01 3.513433933258059971e-01 1.000000000000000000e+00
9.296716749668100521e-02 6.062612533569340378e-01 0.000000000000000000e+00
2.670714855194090132e-01 9.254829883575439453e-01 0.000000000000000000e+00
6.650617718696589797e-01 5.113456398248700241e-02 1.000000000000000000e+00
5.889605730771999698e-02 5.399901866912839576e-01 0.000000000000000000e+00
5.496156811714170143e-01 2.087311893701550014e-01 1.000000000000000000e+00
2.709029912948610064e-01 9.019712805747990281e-01 0.000000000000000000e+00
1.118648424744610043e-01 8.006678223609919876e-01 0.000000000000000000e+00
9.965954348444999375e-03 4.859770834445950038e-01 0.000000000000000000e+00
8.310848474502560146e-01 1.610267907381059960e-01 1.000000000000000000e+00
9.547966718673710496e-01 3.654518425464630127e-01 1.000000000000000000e+00
6.056703329086300380e-01 2.740092948079100171e-02 1.000000000000000000e+00
9.627804160118099697e-01 4.941197931766510010e-01 1.000000000000000000e+00
2.251293882727600087e-02 2.750225961208340175e-01 0.000000000000000000e+00
6.564611792564389869e-01 4.596029222011570048e-01 0.000000000000000000e+00
6.718327403068540260e-01 4.299556314945219837e-01 0.000000000000000000e+00
1.213351488113399990e-01 7.348242998123170056e-01 0.000000000000000000e+00
5.552020072937009498e-01 6.180184334516500289e-02 1.000000000000000000e+00
6.702484488487240322e-01 4.355140626430509809e-01 0.000000000000000000e+00
9.458698034286500134e-01 5.087803602218630150e-01 1.000000000000000000e+00
6.582403779029849522e-01 6.083387732505799450e-01 0.000000000000000000e+00
1.000000953674319959e+00 4.457997977733609840e-01 1.000000000000000000e+00
5.611504912376400478e-01 6.627915501594540126e-01 0.000000000000000000e+00
9.249354004859919876e-01 3.435919582843779962e-01 1.000000000000000000e+00
2.930009067058559902e-01 7.761875391006469727e-01 0.000000000000000000e+00
7.908365130424499512e-01 1.886903494596479935e-01 1.000000000000000000e+00
1.888298392295839900e-01 8.303870558738709606e-01 0.000000000000000000e+00
5.357410311698910244e-01 1.417464464902880028e-01 1.000000000000000000e+00
8.134583830833439499e-01 1.563831418752670011e-01 1.000000000000000000e+00
1.783042699098590089e-01 6.707832217216489479e-01 0.000000000000000000e+00
8.601800203323359817e-01 2.860515117645259786e-01 1.000000000000000000e+00
4.044354557991030052e-01 3.550909459590910200e-01 1.000000000000000000e+00
5.725147202611000075e-02 6.542432904243470349e-01 0.000000000000000000e+00
5.846989750862120472e-01 6.306179165840150036e-01 0.000000000000000000e+00
4.974109306931499830e-02 5.056774020195009545e-01 0.000000000000000000e+00
5.431554913520809658e-01 6.709472537040710449e-01 0.000000000000000000e+00
1.721331924200059926e-01 7.652425169944759853e-01 0.000000000000000000e+00
5.856622457504270240e-01 5.804976224899289772e-01 0.000000000000000000e+00
8.619057536125179775e-01 3.006010651588439941e-01 1.000000000000000000e+00
6.691037416458129883e-01 4.928275644779209763e-01 0.000000000000000000e+00
8.698500394821170323e-01 2.214711010456089924e-01 1.000000000000000000e+00
4.164281785488129772e-01 9.512299895286560059e-01 0.000000000000000000e+00
8.898538537322999570e-03 3.849079310894010231e-01 0.000000000000000000e+00
3.915156424045559969e-01 2.490620762109760078e-01 1.000000000000000000e+00
1.840998530387880083e-01 7.641628384590150036e-01 0.000000000000000000e+00
6.721290946006780453e-01 5.878306627273559570e-01 0.000000000000000000e+00
4.433862566947939787e-01 1.520695239305500102e-01 1.000000000000000000e+00
8.091065287590030186e-01 1.180164963006969936e-01 1.000000000000000000e+00
5.444716811180120297e-01 7.264912724494929641e-01 0.000000000000000000e+00
3.956750929355620228e-01 3.140463232994080145e-01 1.000000000000000000e+00
7.981764078140259899e-01 2.127292901277539894e-01 1.000000000000000000e+00
9.770510792732239880e-01 6.679542660713200242e-01 1.000000000000000000e+00
5.908265113830569737e-01 6.602926254272459827e-01 0.000000000000000000e+00
3.582223355770109974e-01 5.890402197837829590e-01 1.000000000000000000e+00
1.824602484703060079e-01 7.419059276580810547e-01 0.000000000000000000e+00
5.220882296562200375e-01 7.541199773550000263e-02 1.000000000000000000e+00
3.349952399730680153e-01 3.150256574153900146e-01 1.000000000000000000e+00
8.858425021171569824e-01 4.118901491165160023e-01 1.000000000000000000e+00
5.048267841339110218e-01 7.912409901618959740e-01 0.000000000000000000e+00
5.409889221191409581e-01 1.751023530960079955e-01 1.000000000000000000e+00
9.876127839088439941e-01 5.637462735176089756e-01 1.000000000000000000e+00
5.521961450576780006e-01 1.622613519430159967e-01 1.000000000000000000e+00
6.216816306114200108e-01 1.556816045194900008e-02 1.000000000000000000e+00
9.465795755386350319e-01 3.844772577285769932e-01 1.000000000000000000e+00
6.305994391441349656e-01 4.664319753646850031e-01 0.000000000000000000e+00
4.693745076656339887e-01 1.769391894340520133e-01 1.000000000000000000e+00
3.336153626441960007e-01 8.805221319198609509e-01 0.000000000000000000e+00
3.593181967735289972e-01 3.811520040035250023e-01 1.000000000000000000e+00
1.652869582176209884e-01 7.615084052085879796e-01 0.000000000000000000e+00
3.366923332214359910e-01 4.541445374488830011e-01 1.000000000000000000e+00
3.631200194358830124e-01 5.126598477363589756e-01 1.000000000000000000e+00
