-5.810659036233283281e-01 8.571354287056350829e-01 -1.014359517112040088e+00 -1.038247992726753388e+00 0.000000000000000000e+00
-8.943089783528815895e-01 -1.984500746264286075e-01 -1.014359517112040088e+00 -1.038247992726753388e+00 0.000000000000000000e+00
-1.207552053082436183e+00 2.237841267063972184e-01 -1.083741153029416315e+00 -1.038247992726753388e+00 0.000000000000000000e+00
-1.364173590447214313e+00 1.266702603998430543e-02 -9.449778811946638601e-01 -1.038247992726753388e+00 0.000000000000000000e+00
-7.376874409881049033e-01 1.068252529372047954e+00 -1.014359517112040088e+00 -1.038247992726753388e+00 0.000000000000000000e+00
-1.112012915289955634e-01 1.701603831371285791e+00 -8.062146093599115160e-01 -6.832914140167521966e-01 0.000000000000000000e+00
-1.364173590447214313e+00 6.460183280392221006e-01 -1.014359517112040088e+00 -8.607697033717529589e-01 0.000000000000000000e+00
-7.376874409881049033e-01 6.460183280392221006e-01 -9.449778811946638601e-01 -1.038247992726753388e+00 0.000000000000000000e+00
-1.677416665176767463e+00 -4.095671752928415343e-01 -1.014359517112040088e+00 -1.038247992726753388e+00 0.000000000000000000e+00
-8.943089783528815895e-01 1.266702603998430543e-02 -9.449778811946638601e-01 -1.215726282081754261e+00 0.000000000000000000e+00
-1.112012915289955634e-01 1.279369630038460937e+00 -9.449778811946638601e-01 -1.038247992726753388e+00 0.000000000000000000e+00
-1.050930515717659608e+00 6.460183280392221006e-01 -8.755962452772876325e-01 -1.038247992726753388e+00 0.000000000000000000e+00
-1.050930515717659608e+00 -1.984500746264286075e-01 -1.014359517112040088e+00 -1.215726282081754261e+00 0.000000000000000000e+00
-1.834038202541545592e+00 -1.984500746264286075e-01 -1.222504424864168548e+00 -1.215726282081754261e+00 0.000000000000000000e+00
5.152848579301123610e-01 1.912720932037698773e+00 -1.153122788946792543e+00 -1.038247992726753388e+00 0.000000000000000000e+00
3.586633205653357859e-01 2.757189334703350259e+00 -9.449778811946638601e-01 -6.832914140167521966e-01 0.000000000000000000e+00
-1.112012915289955634e-01 1.701603831371285791e+00 -1.083741153029416315e+00 -6.832914140167521966e-01 0.000000000000000000e+00
-5.810659036233283281e-01 8.571354287056350829e-01 -1.014359517112040088e+00 -8.607697033717529589e-01 0.000000000000000000e+00
3.586633205653357859e-01 1.490486730704872809e+00 -8.062146093599115160e-01 -8.607697033717529589e-01 0.000000000000000000e+00
-5.810659036233283281e-01 1.490486730704872809e+00 -9.449778811946638601e-01 -8.607697033717529589e-01 0.000000000000000000e+00
-1.112012915289955634e-01 6.460183280392221006e-01 -8.062146093599115160e-01 -1.038247992726753388e+00 0.000000000000000000e+00
-5.810659036233283281e-01 1.279369630038460937e+00 -9.449778811946638601e-01 -6.832914140167521966e-01 0.000000000000000000e+00
-1.364173590447214313e+00 1.068252529372047954e+00 -1.291886060781544776e+00 -1.038247992726753388e+00 0.000000000000000000e+00
-5.810659036233283281e-01 4.349012273728092293e-01 -8.062146093599115160e-01 -5.058131246617515453e-01 0.000000000000000000e+00
-1.050930515717659608e+00 6.460183280392221006e-01 -6.674513375251592828e-01 -1.038247992726753388e+00 0.000000000000000000e+00
-7.376874409881049033e-01 -1.984500746264286075e-01 -8.755962452772876325e-01 -1.038247992726753388e+00 0.000000000000000000e+00
-7.376874409881049033e-01 6.460183280392221006e-01 -8.755962452772876325e-01 -6.832914140167521966e-01 0.000000000000000000e+00
-4.244443662585502541e-01 8.571354287056350829e-01 -9.449778811946638601e-01 -1.038247992726753388e+00 0.000000000000000000e+00
-4.244443662585502541e-01 6.460183280392221006e-01 -1.014359517112040088e+00 -1.038247992726753388e+00 0.000000000000000000e+00
-1.207552053082436183e+00 2.237841267063972184e-01 -8.755962452772876325e-01 -1.038247992726753388e+00 0.000000000000000000e+00
-1.050930515717659608e+00 1.266702603998430543e-02 -8.755962452772876325e-01 -1.038247992726753388e+00 0.000000000000000000e+00
-1.112012915289955634e-01 6.460183280392221006e-01 -9.449778811946638601e-01 -6.832914140167521966e-01 0.000000000000000000e+00
-4.244443662585502541e-01 2.123838032704110645e+00 -9.449778811946638601e-01 -1.215726282081754261e+00 0.000000000000000000e+00
4.542024583578108121e-02 2.334955133370524738e+00 -1.014359517112040088e+00 -1.038247992726753388e+00 0.000000000000000000e+00
-8.943089783528815895e-01 1.266702603998430543e-02 -9.449778811946638601e-01 -1.215726282081754261e+00 0.000000000000000000e+00
-7.376874409881049033e-01 2.237841267063972184e-01 -1.153122788946792543e+00 -1.038247992726753388e+00 0.000000000000000000e+00
4.542024583578108121e-02 8.571354287056350829e-01 -1.083741153029416315e+00 -1.038247992726753388e+00 0.000000000000000000e+00
-8.943089783528815895e-01 1.266702603998430543e-02 -9.449778811946638601e-01 -1.215726282081754261e+00 0.000000000000000000e+00
-1.677416665176767463e+00 -1.984500746264286075e-01 -1.083741153029416315e+00 -1.038247992726753388e+00 0.000000000000000000e+00
-5.810659036233283281e-01 6.460183280392221006e-01 -9.449778811946638601e-01 -1.038247992726753388e+00 0.000000000000000000e+00
-7.376874409881049033e-01 8.571354287056350829e-01 -1.083741153029416315e+00 -8.607697033717529589e-01 0.000000000000000000e+00
-1.520795127811990888e+00 -1.676269779291318152e+00 -1.083741153029416315e+00 -8.607697033717529589e-01 0.000000000000000000e+00
-1.677416665176767463e+00 2.237841267063972184e-01 -1.083741153029416315e+00 -1.038247992726753388e+00 0.000000000000000000e+00
-7.376874409881049033e-01 8.571354287056350829e-01 -8.755962452772876325e-01 -3.283348353067509495e-01 0.000000000000000000e+00
-5.810659036233283281e-01 1.490486730704872809e+00 -6.674513375251592828e-01 -6.832914140167521966e-01 0.000000000000000000e+00
-1.050930515717659608e+00 -1.984500746264286075e-01 -1.014359517112040088e+00 -8.607697033717529589e-01 0.000000000000000000e+00
-5.810659036233283281e-01 1.490486730704872809e+00 -8.755962452772876325e-01 -1.038247992726753388e+00 0.000000000000000000e+00
-1.364173590447214313e+00 2.237841267063972184e-01 -1.014359517112040088e+00 -1.038247992726753388e+00 0.000000000000000000e+00
-2.678228288937736234e-01 1.279369630038460937e+00 -9.449778811946638601e-01 -1.038247992726753388e+00 0.000000000000000000e+00
-7.376874409881049033e-01 4.349012273728092293e-01 -1.014359517112040088e+00 -1.038247992726753388e+00 0.000000000000000000e+00
2.394743306307439035e+00 2.237841267063972184e-01 1.275234468161373869e+00 1.091491479533254205e+00 1.000000000000000000e+00
1.455014082118776475e+00 2.237841267063972184e-01 1.136471196326621413e+00 1.268969768888255079e+00 1.000000000000000000e+00
2.238121768942662460e+00 1.266702603998430543e-02 1.413997739996126324e+00 1.268969768888255079e+00 1.000000000000000000e+00
4.542024583578108121e-02 -1.676269779291318152e+00 7.895630167397404975e-01 9.140131901782538870e-01 1.000000000000000000e+00
1.611635619483553050e+00 -6.206842759592544612e-01 1.205852832243997419e+00 1.268969768888255079e+00 1.000000000000000000e+00
3.586633205653357859e-01 -6.206842759592544612e-01 1.136471196326621413e+00 9.140131901782538870e-01 1.000000000000000000e+00
1.298392544753998346e+00 4.349012273728092293e-01 1.275234468161373869e+00 1.446448058243255952e+00 1.000000000000000000e+00
-8.943089783528815895e-01 -1.465152678624905169e+00 3.038915653181071264e-01 3.815783221132517666e-01 1.000000000000000000e+00
1.768257156848329625e+00 -4.095671752928415343e-01 1.205852832243997419e+00 9.140131901782538870e-01 1.000000000000000000e+00
-4.244443662585502541e-01 -8.318013766256664443e-01 7.201813808223642699e-01 1.091491479533254205e+00 1.000000000000000000e+00
-7.376874409881049033e-01 -2.309621081290555988e+00 4.426548371528596371e-01 3.815783221132517666e-01 1.000000000000000000e+00
6.719063952948904905e-01 -1.984500746264286075e-01 9.283262885744929527e-01 1.268969768888255079e+00 1.000000000000000000e+00
8.285279326596670657e-01 -1.887386879957730024e+00 7.895630167397404975e-01 3.815783221132517666e-01 1.000000000000000000e+00
9.851494700244437519e-01 -4.095671752928415343e-01 1.275234468161373869e+00 1.091491479533254205e+00 1.000000000000000000e+00
2.020417832005577119e-01 -4.095671752928415343e-01 5.120364730702358091e-01 9.140131901782538870e-01 1.000000000000000000e+00
1.924878694213107755e+00 1.266702603998430543e-02 1.067089560409245408e+00 1.091491479533254205e+00 1.000000000000000000e+00
2.020417832005577119e-01 -1.984500746264286075e-01 1.136471196326621413e+00 1.268969768888255079e+00 1.000000000000000000e+00
5.152848579301123610e-01 -8.318013766256664443e-01 8.589446526571163920e-01 3.815783221132517666e-01 1.000000000000000000e+00
1.141771007389221770e+00 -1.887386879957730024e+00 1.136471196326621413e+00 1.268969768888255079e+00 1.000000000000000000e+00
2.020417832005577119e-01 -1.254035577958492187e+00 7.201813808223642699e-01 5.590566114682525845e-01 1.000000000000000000e+00
6.719063952948904905e-01 2.237841267063972184e-01 1.344616104078749874e+00 1.801404636953257032e+00 1.000000000000000000e+00
9.851494700244437519e-01 -6.206842759592544612e-01 7.895630167397404975e-01 9.140131901782538870e-01 1.000000000000000000e+00
1.298392544753998346e+00 -1.254035577958492187e+00 1.413997739996126324e+00 1.268969768888255079e+00 1.000000000000000000e+00
9.851494700244437519e-01 -6.206842759592544612e-01 1.275234468161373869e+00 7.365349008232530137e-01 1.000000000000000000e+00
1.455014082118776475e+00 -4.095671752928415343e-01 9.977079244918689582e-01 9.140131901782538870e-01 1.000000000000000000e+00
1.768257156848329625e+00 -1.984500746264286075e-01 1.067089560409245408e+00 1.091491479533254205e+00 1.000000000000000000e+00
2.081500231577884552e+00 -6.206842759592544612e-01 1.344616104078749874e+00 1.091491479533254205e+00 1.000000000000000000e+00
1.924878694213107755e+00 -1.984500746264286075e-01 1.483379375913502329e+00 1.623926347598256381e+00 1.000000000000000000e+00
8.285279326596670657e-01 -4.095671752928415343e-01 1.136471196326621413e+00 1.268969768888255079e+00 1.000000000000000000e+00
3.586633205653357859e-01 -1.042918477292079427e+00 4.426548371528596371e-01 3.815783221132517666e-01 1.000000000000000000e+00
4.542024583578108121e-02 -1.465152678624905169e+00 6.507997449049880423e-01 5.590566114682525845e-01 1.000000000000000000e+00
4.542024583578108121e-02 -1.465152678624905169e+00 5.814181089876121478e-01 3.815783221132517666e-01 1.000000000000000000e+00
5.152848579301123610e-01 -8.318013766256664443e-01 7.201813808223642699e-01 7.365349008232530137e-01 1.000000000000000000e+00
8.285279326596670657e-01 -8.318013766256664443e-01 1.552761011830878113e+00 1.446448058243255952e+00 1.000000000000000000e+00
-1.112012915289955634e-01 -1.984500746264286075e-01 1.136471196326621413e+00 1.268969768888255079e+00 1.000000000000000000e+00
8.285279326596670657e-01 6.460183280392221006e-01 1.136471196326621413e+00 1.446448058243255952e+00 1.000000000000000000e+00
1.924878694213107755e+00 1.266702603998430543e-02 1.275234468161373869e+00 1.268969768888255079e+00 1.000000000000000000e+00
1.298392544753998346e+00 -1.676269779291318152e+00 1.067089560409245408e+00 9.140131901782538870e-01 1.000000000000000000e+00
2.020417832005577119e-01 -1.984500746264286075e-01 8.589446526571163920e-01 9.140131901782538870e-01 1.000000000000000000e+00
4.542024583578108121e-02 -1.254035577958492187e+00 7.895630167397404975e-01 9.140131901782538870e-01 1.000000000000000000e+00
4.542024583578108121e-02 -1.042918477292079427e+00 1.067089560409245408e+00 7.365349008232530137e-01 1.000000000000000000e+00
9.851494700244437519e-01 -1.984500746264286075e-01 1.205852832243997419e+00 1.091491479533254205e+00 1.000000000000000000e+00
5.152848579301123610e-01 -1.042918477292079427e+00 7.895630167397404975e-01 7.365349008232530137e-01 1.000000000000000000e+00
-7.376874409881049033e-01 -1.676269779291318152e+00 3.038915653181071264e-01 3.815783221132517666e-01 1.000000000000000000e+00
2.020417832005577119e-01 -8.318013766256664443e-01 9.283262885744929527e-01 9.140131901782538870e-01 1.000000000000000000e+00
3.586633205653357859e-01 -1.984500746264286075e-01 9.283262885744929527e-01 7.365349008232530137e-01 1.000000000000000000e+00
3.586633205653357859e-01 -4.095671752928415343e-01 9.283262885744929527e-01 9.140131901782538870e-01 1.000000000000000000e+00
1.141771007389221770e+00 -4.095671752928415343e-01 9.977079244918689582e-01 9.140131901782538870e-01 1.000000000000000000e+00
-5.810659036233283281e-01 -1.254035577958492187e+00 9.574665756597874888e-02 5.590566114682525845e-01 1.000000000000000000e+00
3.586633205653357859e-01 -6.206842759592544612e-01 8.589446526571163920e-01 9.140131901782538870e-01 1.000000000000000000e+00
