-1.126864863386807247e-01 -3.708159070558681991e-01
-3.301285119623154074e-01 -7.792427358570894746e-01
5.437373320144804900e-01 1.054098341344321677e+00
8.070486641099010594e-01 5.322417543552232511e-01
5.553805663845667873e-01 9.748881583874732248e-01
-5.410705356289753354e-01 -1.088048456912506401e+00
1.893558075959462794e-01 4.734526482250831503e-01
9.678158481574299365e-01 -1.302588669256566356e-01
-4.132705878660354326e-01 -8.624334642190834010e-01
7.441549921477224050e-01 6.913377941518736858e-01
4.469660457997881586e-01 9.705948747955092104e-01
-6.136369141113018344e-01 -9.692711387142799451e-01
4.670053467858530372e-01 9.794716239939255109e-01
-4.636229179649002941e-01 -1.067035807027205019e+00
-4.144634067458823345e-01 -1.073031690217886913e+00
8.926497505367123608e-01 4.513380225653021993e-01
-4.707999105020499453e-01 -9.070550006430189161e-01
-2.955472983520031072e-01 -8.105567691326949209e-01
4.489277896741954432e-01 9.912920882721452109e-01
5.395111789663880053e-01 7.497494800446058427e-01
-2.930728511891524946e-01 -8.775278941715457526e-01
-4.414068665763015709e-01 -1.035242467712504055e+00
-8.658362970419448690e-01 -5.025929184370131475e-01
-4.623850544961565223e-01 -1.018235000340985685e+00
-7.903110212330584083e-01 -6.166949200402385145e-01
4.522388321405566014e-01 9.907633078698372397e-01
5.591535563019804922e-01 1.293713718446708461e+00
-2.729254939268668245e-01 -7.150978992492591502e-01
5.059821246925562122e-01 1.255142372251238703e+00
-5.446543389406808267e-01 -8.935765856770312432e-01
2.033681443502215469e-01 7.077886573326038766e-01
-6.167002732651516439e-02 3.920109089734935548e-02
5.796850819998449200e-01 8.524126682567517710e-01
-7.616987714988283642e-01 -6.177300174846972469e-01
8.948506937348801316e-01 2.999365564998681677e-01
5.513585080104186353e-01 9.581782265612324156e-01
6.491408843476647039e-01 7.160916397847562065e-01
-7.900171418051258332e-01 -5.593765518859867836e-01
2.394985801571656303e-01 6.554242891274077998e-01
8.679560164674415823e-02 1.610122233486118160e-01
-7.433439703240112273e-01 -7.275447775287638974e-01
-1.382534942429427538e-01 -4.198394461597458882e-01
3.912144661285357206e-01 8.593492644115249268e-01
4.966753976963111938e-03 -3.796030501145489927e-02
-6.740040411272392173e-01 -8.949238679856507117e-01
7.765303413106914299e-01 6.702556171354185910e-01
8.948328359406956256e-01 2.300049796612450848e-01
-5.147167398986964848e-01 -1.167565123752561052e+00
9.288003148748003035e-02 2.212325623087216531e-01
9.092683767247877746e-02 3.603936964894627892e-01
